8
55
1 19 5 0.32
10 17 8 0.21
13 7 5 0.21
8 18 4 0.22
4 16 3 0.33
14 10 7 0.2
16 8 8 0.56
5 17 5 0.58
9 7 8 0.32
0 10 3 0.64
6 20 3 0.37
15 10 3 0.25
4 17 4 0.7
20 20 4 0.23
17 18 5 0.38
11 16 8 0.66
17 9 1 0.32
10 5 5 0.54
5 7 1 0.42
20 18 4 0.43
7 14 8 0.59
10 4 5 0.47
11 18 7 0.48
9 13 1 0.5
10 2 1 0.38
19 3 6 0.65
3 19 7 0.45
9 14 6 0.32
8 10 6 0.68
3 20 8 0.6
15 20 4 0.43
19 4 6 0.46
20 17 7 0.27
18 9 6 0.58
1 13 6 0.27
4 20 2 0.33
3 16 6 0.36
13 17 7 0.63
6 7 6 0.3
15 4 1 0.52
10 11 3 0.27
11 4 6 0.29
1 20 5 0.42
6 17 6 0.23
0 7 8 0.27
0 12 2 0.2
16 5 5 0.35
16 11 2 0.2
4 18 6 0.61
2 8 5 0.33
19 3 5 0.66
20 9 5 0.37
8 2 5 0.51
11 9 7 0.55
5 20 7 0.32
4
0.05
0.03
0.04
0.05
